         1 0.100000E+01 0.495428E+02
 21   2   3 0.47711103E+02
  1   1   0 -.61321634E+03
-16   0   0 -.26550596E+02 0.33055019E+02 -.72148066E+01
 15   0   0 -.17505985E+02 0.54511845E+02 -.13859988E+03
 -5   0   3 0.41037753E+02 -.36134135E+02 -.67231484E+02
  5   2   0 0.56300410E+01 -.13436049E+02 0.89425293E+01
  2   1   0 -.26112138E+01 -.37996680E+02 -.36140160E+03
         2 0.100000E+01 0.715294E+02
 21   2   3 0.13583818E+03
  1   1   0 -.11295367E+04
-14   0   0 -.73221568E+01 0.33700260E+02 0.63546210E+02
 13   0   0 0.41663927E+02 0.73084835E+01 -.16657091E+02
 -5   0   3 0.19451608E+02 0.98989456E+02 -.44995440E+02
  5   2   0 -.10000954E+03 -.10454973E+03 -.24777195E+03
  2   1   0 0.46216164E+02 -.35448473E+02 -.74782028E+03
         3 0.100000E+01 0.168569E+03
 -4   0   1 0.16160295E+04
 21   2   3 -.21908483E+03
-16   0   0 -.59296719E+02 -.12793734E+02 0.45549736E+02
 15   0   0 -.92984889E+02 -.15143588E+02 0.25346637E+03
 -5   0   3 0.63118298E+01 -.36946920E+02 0.54670771E+01
  5   2   0 0.74602018E+01 0.85823390E+01 -.17448511E+03
 -3   0   1 0.13850958E+03 0.56301903E+02 0.12669466E+04